lastAccountName: Douglas
timestamps:
  login: 1584544828748
  logout: 1584545054688
ipAddress: 213.65.225.33
logoutlocation:
  world: world
  x: -449.2993931581315
  y: 69.0
  z: -60.2676043942859
  yaw: 86.42178
  pitch: 18.599997
