lastAccountName: Farbror_Anna
timestamps:
  login: 1584537372071
  logout: 1584537668415
ipAddress: 78.82.114.170
lastlocation:
  world: world
  x: -169.5
  y: 63.0
  z: -233.5
  yaw: 5.1944523
  pitch: 0.0
logoutlocation:
  world: world
  x: 3.918410876900201
  y: 69.0
  z: -168.69999998807907
  yaw: -152.88977
  pitch: 1.5510722
