lastAccountName: raketkalle
timestamps:
  login: 1584470257033
  logout: 1584471856894
ipAddress: 155.4.246.69
lastlocation:
  world: world
  x: -174.5
  y: 63.0
  z: -236.5
  yaw: 3.4123623
  pitch: 0.0
logoutlocation:
  world: world
  x: -11.22871274537059
  y: 64.0
  z: -10.35302500229247
  yaw: -276.9607
  pitch: 10.126968
