lastAccountName: Indrit
timestamps:
  login: 1584538766877
  logout: 1584538868016
ipAddress: 94.234.33.92
lastlocation:
  world: world
  x: -182.21136662079326
  y: 65.0
  z: -222.70283286162513
  yaw: -0.57008046
  pitch: 25.083504
logoutlocation:
  world: world
  x: 528.1883033691894
  y: 69.0
  z: 469.2492438590056
  yaw: 11.900284
  pitch: 9.833868
