lastAccountName: _ralleballe_
timestamps:
  login: 1584543591964
  logout: 1584528589991
ipAddress: 85.11.43.94
lastlocation:
  world: world
  x: -174.5
  y: 63.0
  z: -238.5
  yaw: 4.8730083
  pitch: 0.0
logoutlocation:
  world: world
  x: -168.5915395129396
  y: 89.0
  z: -247.30000001192093
  yaw: 135.89308
  pitch: 88.34151
