lastAccountName: Fradericko
timestamps:
  login: 1584541602889
  logout: 1584541623707
ipAddress: 95.109.47.64
lastlocation:
  world: world
  x: -165.5
  y: 64.0
  z: -244.5
  yaw: 6.058505
  pitch: 0.0
logoutlocation:
  world: world
  x: -156.8659027464005
  y: 64.0
  z: -254.68398879930734
  yaw: 134.45859
  pitch: 5.2715826
