lastAccountName: Mr_Spybot
timestamps:
  login: 1584544130453
  logout: 1584539449815
ipAddress: 5.243.22.160
lastlocation:
  world: world
  x: -176.5
  y: 63.0
  z: -238.5
  yaw: 0.8444031
  pitch: 0.0
logoutlocation:
  world: world
  x: 317.59457888056505
  y: 71.0
  z: -298.6911308465516
  yaw: -3.0077515
  pitch: 17.699888
