lastAccountName: Jugswe
timestamps:
  login: 1584538633927
  logout: 1584539167807
ipAddress: 46.59.27.64
lastlocation:
  world: world
  x: -174.5
  y: 63.0
  z: -236.5
  yaw: 5.1277533
  pitch: 0.0
logoutlocation:
  world: world
  x: -1149.5764354973273
  y: 83.0
  z: -509.1535717218141
  yaw: 102.744385
  pitch: 85.64986
