lastAccountName: jazzzooo
timestamps:
  login: 1584544346111
  logout: 1584541793398
ipAddress: 94.255.145.91
lastlocation:
  world: world
  x: -165.5
  y: 64.0
  z: -240.5
  yaw: 1.1959344
  pitch: 0.0
logoutlocation:
  world: world
  x: -504.38191219885556
  y: 60.466703170504324
  z: -139.81847013174865
  yaw: -300.0561
  pitch: -2.4002495
