lastAccountName: Cantaloupe01
timestamps:
  login: 1584478447532
  logout: 1584478453139
ipAddress: 75.76.108.113
lastlocation:
  world: world
  x: -176.5
  y: 63.0
  z: -240.5
  yaw: 5.0483694
  pitch: 0.0
logoutlocation:
  world: world
  x: -176.57182922018558
  y: 62.0
  z: -242.30000001192093
  yaw: 10.332539
  pitch: 90.0
