lastAccountName: IchBinNoHomo
timestamps:
  login: 1584544452956
  logout: 1584545188537
ipAddress: 31.208.3.198
lastlocation:
  world: world
  x: -174.5
  y: 63.0
  z: -236.5
  yaw: 4.644517
  pitch: 0.0
logoutlocation:
  world: world
  x: -293.74375000596046
  y: 70.49520087700593
  z: -74.69999998807909
  yaw: -153.30846
  pitch: 22.90023
