lastAccountName: Piko2Punk0
timestamps:
  login: 1584506955485
  logout: 1584507058943
ipAddress: 188.148.79.124
lastlocation:
  world: world
  x: -174.5
  y: 63.0
  z: -239.5
  yaw: 2.3316998
  pitch: 0.0
logoutlocation:
  world: world
  x: -207.04798361434513
  y: 64.0
  z: -229.96440124385433
  yaw: -309.76086
  pitch: 18.749996
