lastAccountName: zigo123
timestamps:
  login: 1584472047585
  logout: 1584472494293
ipAddress: 2.248.156.131
lastlocation:
  world: world
  x: -172.5
  y: 63.0
  z: -237.5
  yaw: 0.35992765
  pitch: 0.0
logoutlocation:
  world: world
  x: -122.68434487675086
  y: 63.0
  z: -18.772851945570356
  yaw: 26.702759
  pitch: -4.367
