lastlocation:
  world: world
  x: -173.5
  y: 63.0
  z: -240.5
  yaw: 3.9752786
  pitch: 0.0
lastAccountName: okoqkweoqkwe
timestamps:
  login: 1584523705243
  logout: 1584523875906
ipAddress: 95.109.102.29
logoutlocation:
  world: world
  x: -54.51862097283502
  y: 63.0
  z: -227.63727125942748
  yaw: 184.4999
  pitch: -90.0
