lastAccountName: MoomooMIlk03
timestamps:
  login: 1584543884684
  logout: 1584543898127
ipAddress: 94.245.57.71
lastlocation:
  world: world
  x: -169.5
  y: 63.0
  z: -245.5
  yaw: 3.6558175
  pitch: 0.0
logoutlocation:
  world: world
  x: -56.39198635882817
  y: 67.0
  z: -103.09050908931286
  yaw: -13.195862
  pitch: 9.299931
