lastAccountName: Abdulai
timestamps:
  login: 1584536938279
  logout: 1584537379092
ipAddress: 89.233.219.68
lastlocation:
  world: world
  x: -173.5
  y: 63.0
  z: -240.5
  yaw: 0.78486174
  pitch: 0.0
logoutlocation:
  world: world
  x: -230.22647928252286
  y: 82.0
  z: -130.55132076632788
  yaw: -34.350006
  pitch: 11.700004
