lastAccountName: xXWakaXx
timestamps:
  login: 1584544452955
  logout: 1584544447876
ipAddress: 109.225.104.39
lastlocation:
  world: world
  x: -174.5
  y: 63.0
  z: -239.5
  yaw: 1.7378389
  pitch: 0.0
logoutlocation:
  world: world
  x: -6999.845433654147
  y: 11.0
  z: -863.5921596561348
  yaw: -89.02762
  pitch: 24.806143
