lastAccountName: ByggareBorg
timestamps:
  login: 1584538630312
  logout: 1584539450577
ipAddress: 85.11.20.146
lastlocation:
  world: world
  x: -170.5
  y: 63.0
  z: -233.5
  yaw: 3.8342156
  pitch: 0.0
logoutlocation:
  world: world
  x: -318.30000001192093
  y: 60.0
  z: -357.30000001192093
  yaw: -234.32007
  pitch: -56.157104
