lastAccountName: Etori
timestamps:
  login: 1584537421871
  logout: 1584537799748
ipAddress: 109.124.135.119
lastlocation:
  world: world
  x: -174.5
  y: 63.0
  z: -242.5
  yaw: 5.768856
  pitch: 0.0
logoutlocation:
  world: world
  x: -385.839583866872
  y: 64.0
  z: -475.0890926751457
  yaw: 119.9998
  pitch: 27.90006
